#         t          x          y          z         vx         vy         vz
      0.000    -98.560   -119.990   -127.760    -28.430    173.920     93.230
      0.100   -101.018   -102.170   -117.962    -20.735    182.485    102.739
      0.200   -102.606    -83.479   -107.149    -11.028    191.335    113.515
      0.300   -103.089    -63.900    -95.184      1.384    200.229    125.785
      0.400   -102.146    -43.457    -81.907     17.475    208.646    139.751
      0.500    -99.344    -22.248    -67.147     38.553    215.519    155.458
      0.600    -94.109     -0.534    -50.752     66.146    218.769    172.442
      0.700    -85.740     21.142    -32.681    101.242    214.747    188.974
      0.800    -73.576     41.810    -13.178    142.044    198.625    201.078
      0.900    -57.415     60.150      7.043    181.169    168.171    203.341
      1.000    -37.932     75.030     26.870    208.494    129.431    193.204
      1.100    -16.450     86.100     45.335    221.141     91.957    176.098
      1.200      5.757     93.739     62.005    222.992     60.825    157.303
      1.300     27.844     98.607     76.852    218.751     36.543    139.630
      1.400     49.359    101.329     90.032    211.553     17.902    123.971
      1.500     70.093    102.401    101.749    203.123      3.525    110.365
      1.600     89.966    102.192    112.196    194.341     -7.700     98.574
      1.700    108.965    100.978    121.540    185.640    -16.587     88.309
      1.800    127.108     98.962    129.921    177.221    -23.718     79.309
      1.900    144.427     96.301    137.454    169.167    -29.509     71.352
      2.000    160.961     93.112    144.234    161.503    -34.263     64.261
      2.100    176.747     89.489    150.342    154.224    -38.198     57.894
      2.200    191.824     85.505    155.844    147.311    -41.481     52.135
      2.300    206.226     81.220    160.795    140.740    -44.233     46.894
      2.400    219.987     76.680    165.244    134.482    -46.551     42.095
      2.500    233.137     71.927    169.233    128.512    -48.509     37.678
      2.600    245.703     66.994    172.797    122.805    -50.165     33.592
      2.700    257.710     61.907    175.966    117.336    -51.565     29.795
      2.800    269.181     56.692    178.768    112.087    -52.747     26.253
      2.900    280.137     51.367    181.228    107.036    -53.741     22.935
      3.000    290.598     45.952    183.365    102.167    -54.571     19.818
      3.100    300.579     40.460    185.200     97.464    -55.258     16.880
      3.200    310.098     34.906    186.749     92.913    -55.820     14.103
      3.300    319.169     29.302    188.028     88.501    -56.270     11.470
      3.400    327.804     23.657    189.050     84.216    -56.621      8.968
      3.500    336.018     17.982    189.827     80.049    -56.882      6.584
      3.600    343.820     12.285    190.372     75.989    -57.063      4.309
      3.700    351.220      6.573    190.694     72.028    -57.170      2.133
      3.800    358.230      0.854    190.803     68.157    -57.211      0.048
      3.900    364.856     -4.866    190.708     64.370    -57.190     -1.954
      4.000    371.108    -10.581    190.416     60.659    -57.112     -3.880
      4.100    376.991    -16.286    189.936     57.019    -56.981     -5.734
      4.200    382.515    -21.975    189.273     53.444    -56.801     -7.522
      4.300    387.683    -27.644    188.434     49.928    -56.575     -9.250
      4.400    392.503    -33.288    187.426     46.467    -56.304    -10.921
      4.500    396.979    -38.902    186.253     43.055    -55.992    -12.539
      4.600    401.116    -44.484    184.920     39.689    -55.641    -14.107
      4.700    404.919    -50.029    183.433     36.364    -55.251    -15.630
      4.800    408.391    -55.532    181.797     33.076    -54.824    -17.109
      4.900    411.536    -60.992    180.014     29.823    -54.362    -18.548
      5.000    414.357    -66.403    178.089     26.599    -53.864    -19.948
      5.100    416.857    -71.763    176.026     23.402    -53.333    -21.313
      5.200    419.039    -77.068    173.828     20.229    -52.768    -22.644
      5.300    420.904    -82.315    171.499     17.076    -52.170    -23.943
      5.400    422.455    -87.500    169.041     13.941    -51.538    -25.212
      5.500    423.693    -92.621    166.458     10.820    -50.874    -26.452
      5.600    424.619    -97.673    163.752      7.711    -50.177    -27.665
      5.700    425.235   -102.655    160.926      4.611    -49.446    -28.852
      5.800    425.542   -107.561    157.983      1.516    -48.681    -30.014
      5.900    425.539   -112.389    154.924     -1.574    -47.883    -31.153
      6.000    425.227   -117.136    151.753     -4.664    -47.049    -32.270
      6.100    424.606   -121.797    148.471     -7.757    -46.180    -33.365
      6.200    423.675   -126.370    145.081    -10.854    -45.274    -34.439
      6.300    422.435   -130.850    141.585    -13.958    -44.330    -35.494
      6.400    420.883   -135.234    137.984    -17.073    -43.347    -36.529
      6.500    419.019   -139.517    134.280    -20.201    -42.324    -37.546
      6.600    416.842   -143.696    130.475    -23.346    -41.258    -38.544
      6.700    414.349   -147.767    126.572    -26.509    -40.149    -39.525
      6.800    411.539   -151.724    122.571    -29.694    -38.994    -40.489
      6.900    408.409   -155.563    118.475    -32.905    -37.791    -41.436
      7.000    404.957   -159.280    114.285    -36.144    -36.537    -42.366
      7.100    401.179   -162.868    110.003    -39.416    -35.229    -43.279
      7.200    397.072   -166.323    105.630    -42.723    -33.866    -44.175
      7.300    392.632   -169.638    101.168    -46.070    -32.442    -45.055
      7.400    387.856   -172.808     96.620    -49.460    -30.954    -45.917
      7.500    382.738   -175.825     91.986    -52.898    -29.399    -46.762
      7.600    377.273   -178.684     87.268    -56.388    -27.771    -47.589
      7.700    371.457   -181.376     82.469    -59.936    -26.065    -48.396
      7.800    365.283   -183.893     77.590    -63.546    -24.275    -49.184
      7.900    358.745   -186.226     72.633    -67.224    -22.395    -49.951
      8.000    351.835   -188.367     67.601    -70.976    -20.417    -50.695
      8.100    344.545   -190.304     62.495    -74.808    -18.333    -51.416
      8.200    336.869   -192.028     57.319    -78.728    -16.134    -52.109
      8.300    328.795   -193.525     52.075    -82.743    -13.808    -52.773
      8.400    320.315   -194.782     46.766    -86.861    -11.345    -53.405
      8.500    311.417   -195.786     41.396    -91.092     -8.729    -54.001
      8.600    302.090   -196.520     35.968    -95.446     -5.945    -54.556
      8.700    292.321   -196.966     30.487    -99.934     -2.974    -55.063
      8.800    282.096   -197.104     24.958   -104.568      0.205    -55.517
      8.900    271.400   -196.913     19.387   -109.361      3.617    -55.908
      9.000    260.215   -196.368     13.780   -114.327      7.291    -56.225
      9.100    248.525   -195.440      8.146   -119.484     11.263    -56.455
      9.200    236.308   -194.098      2.494   -124.849     15.573    -56.582
      9.300    223.544   -192.306     -3.163   -130.441     20.272    -56.570
      9.400    210.207   -190.021     -8.812   -136.280     25.419    -56.398
      9.500    196.274   -187.196    -14.433   -142.388     31.087    -56.036
      9.600    181.715   -183.773    -20.007   -148.786     37.367    -55.439
      9.700    166.501   -179.686    -25.506   -155.497     44.371    -54.545
      9.800    150.600   -174.856    -30.897   -162.535     52.240    -53.274
      9.900    133.977   -169.186    -36.137   -169.910     61.156    -51.514
     10.000    116.601   -162.561    -41.168   -177.608     71.348    -49.111
     10.100     98.442   -154.838    -45.916   -185.580     83.113    -45.848
